9.54	10	10.43	10.9	11.25	11.81	12.16	12.72	15.45	15.9	16.36	16.81	18.17	18.63	19	19.47	19.99	20.45	20.9	21.35	21.81	22.28	22.72	23.13	23.63	24.08	24.51	24.99	25.44	25.9	26.35	27.26	29.08	29.53	29.99	30.44	30.9	31.35	31.8	32.26	32.71	33.17	33.62	34.02	34.53	34.98	35.4	35.89	36.35	36.78	37.26	37.71	38.16	38.62	39.07	39.53	39.98	40.44	40.89	41.34	41.8	42.25	42.71	43.16	43.62	44.07	44.53	44.98	45.43	45.89	46.34	46.8	47.25	47.71	48.16	48.55	49.07	49.52	49.98	50.43	50.89	51.79	52.25	52.7	53.16	53.59	54.07	54.47	54.92																				
10.74	11.28	11.75	12.27	12.65	13.09	13.56	14.05	14.54	14.9	15.45	15.9	16.36	16.81	17.26	17.72	18.17	18.63	19.08	19.42	19.99	20.45	20.9	21.35	21.81	22.23	22.72	23.17	23.63	24.08	24.53	24.99	25.44	25.9	26.35	26.81	28.62	29.08	29.53	30.9	31.35	31.8	32.26	32.71	33.17	33.62	34.08	34.53	34.98	35.44	35.89	36.35	36.8	37.26	37.71	38.16	38.62	39.07	39.53	39.98	40.44	40.89	41.34	41.8	42.25	42.71	43.16	43.62	44.07	44.47	44.98	45.43	45.89	46.34	46.8	47.25	47.68	48.16	48.61	49.98	50.43	51.34	51.76	52.25																									
9.54	9.98	10.43	10.84	11.36	11.8	12.26	12.72	13.63	14.01	14.54	14.99	15.45	15.89	16.29	16.75	17.26	17.72	18.17	18.48	19.08	19.54	19.99	20.9	21.81	23.17	24.08	24.53	24.99	25.9	26.35	26.81	28.62	29.08	29.53	29.87	30.44	31.35	31.8	32.26	32.71	33.17	33.62	34.08	34.53	34.98	35.34	35.89	36.35	36.74	37.26	37.71	38.16	38.62	39.07	39.53	39.98	40.44	40.89	41.34	41.8	42.25	42.71	43.16	43.62	44.07	44.53	44.98	45.43	45.89	46.34	46.8	47.25	47.65	48.16	48.61	49.07	49.52	49.98	50.43	50.89	51.34																											
13.63	13.86	14.49	14.91	15.44	15.9	16.36	16.81	17.26	17.72	18.11	18.63	19.08	19.54	19.99	20.45	20.9	21.35	21.81	23.17	23.63	24.08	24.53	24.99	25.44	25.9	26.35	26.81	27.2	27.71	28.1	28.62	29.99	30.44	30.9	31.35	31.8	32.26	32.71	33.17	33.62	34.08	34.53	34.98	35.37	35.89	36.35	36.75	37.26	37.71	38.16	38.62	39.07	39.53	39.98	40.44	40.89	41.34	41.8	42.25	42.71	43.16	43.62	44.07	44.52	44.98	45.43	45.89	46.34	46.8	47.25	47.71	48.16	48.61	49.07	49.52	49.98	50.43	51.34	51.79																													
15.9	16.36	16.81	17.26	17.72	18.17	18.63	19.08	19.54	19.99	20.45	20.9	21.35	21.77	22.23	22.72	23.17	24.08	24.53	24.99	25.44	25.9	27.71	28.62	29.08	29.53	29.92	30.44	30.9	31.35	31.8	32.26	32.71	33.17	33.62	34.08	34.53	34.98	35.44	35.89	36.35	36.75	37.26	37.71	38.16	38.62	39.07	39.53	39.98	40.44	40.89	41.34	41.8	42.25	42.71	43.16	43.62	44.07	44.52	44.98	45.43	45.89	46.34	46.8	47.25	47.69	48.16	48.55	49.07	49.52	49.98	50.42	50.89	51.34	51.79	52.25	52.7																																
5.91	8.18	8.61	8.98	9.54	10	10.35	10.82	11.35	11.74	12.27	12.72	13.18	13.55	14.08	14.54	14.87	15.45	15.9	16.36	16.81	17.26	17.72	18.17	18.63	19.08	19.54	19.99	20.45	20.9	21.35	21.81	22.21	22.72	23.13	23.63	24.08	24.53	24.99	25.44	25.9	26.35	26.81	27.26	27.57	28.12	28.62	29.08	29.53	29.85	30.44	30.9	31.35	31.8	32.26	32.71	33.17	33.62	34.08	34.53	34.98	35.44	35.89	36.35	36.8	37.26	37.71	38.16	38.56	39.07	39.53	39.98	40.44	40.89	41.34	41.72	42.25	42.71	43.16	43.5	44.07	44.53	44.98	45.43	45.76	46.27	46.8	47.25	47.71	48.16	48.55	49.07	49.52	51.34	51.79	52.25	52.7	53.61	54.52	55.43	56.34								
6.36	6.88	7.27	7.72	8.18	8.73	9.32	9.65	10	10.45	10.86	11.36	11.81	12.26	12.72	13.1	13.63	14.08	14.54	14.99	15.45	15.9	16.36	16.81	17.26	17.72	18.17	18.63	19.08	19.54	19.99	20.45	20.9	21.35	21.81	22.2	22.7	23.17	23.63	24.08	24.53	24.99	25.44	25.9	26.35	26.81	27.26	27.71	28.08	28.62	29.08	29.53	29.84	30.44	30.9	31.3	31.8	32.26	32.71	33.17	33.62	34.08	34.53	34.98	35.36	35.89	36.35	36.8	37.26	37.71	38.16	38.61	39.07	39.53	39.98	40.44	40.89	41.34	41.8	42.25	42.71	43.16	43.48	43.93	44.53	44.98	45.43	45.8	46.28	46.8	47.25	47.71	48.16	48.6	49.07	49.52	49.98	50.43	50.87	51.34	51.79	52.25	52.55	53.03	54.51	54.93	55.86		
6.82	7.12	7.72	8.1	8.63	10	10.45	10.9	11.31	11.69	12.27	12.72	13.18	13.63	14.08	14.54	14.99	15.39	15.85	16.36	16.81	17.26	17.72	18.17	18.63	19.08	19.54	19.99	20.42	20.9	21.34	21.81	22.17	22.72	23.17	23.63	24.08	24.53	24.99	25.44	25.9	26.35	26.81	27.26	27.71	28.09	28.62	29.08	29.53	29.92	30.44	30.9	31.27	31.8	32.26	32.65	33.17	33.62	34	34.53	34.98	35.41	35.89	36.35	36.8	37.26	37.71	38.16	38.62	39.07	39.53	39.98	40.44	40.89	41.34	41.8	42.25	42.71	43.16	43.54	44.06	44.53	44.98	45.43	45.81	46.27	46.8	47.25	47.71	48.1	48.61	49.07	49.52	49.94	50.43	50.89	51.34	51.79	52.25	52.7	53.16	53.61	54.07	54.52	54.98	55.37	55.8	56.34	56.79
6.53	7.08	7.72	8.24	8.81	9.16	9.59	10	10.45	10.8	11.29	11.81	13.18	13.63	14.99	15.9	17.26	17.72	18.17	18.63	19.08	19.54	19.99	20.9	21.22	21.81	22.2	22.61	23.17	23.63	24.08	24.53	24.99	25.44	25.9	26.35	26.81	27.28	27.71	28.21	28.62	29.08	29.53	29.99	30.44	30.9	31.35	31.8	32.26	32.68	33.17	33.62	34.06	34.53	34.98	35.42	35.89	36.35	36.8	37.26	37.71	38.16	38.59	39.07	39.52	39.95	40.44	40.89	41.31	41.8	43.62	44.05	44.54	45.03	45.55	46.24	46.8	47.25	47.71	48.09	48.52	49.07	49.52	49.98	51.34	51.79	52.25	52.7	53.16	53.61	54.07	54.47	54.98	55.45	55.97														
14.54	14.99	15.45	15.8	16.28	16.81	17.26	17.72	18.17	18.63	19.08	19.54	19.99	20.45	20.9	21.23	21.81	22.19	22.67	23.17	23.63	24.08	24.53	24.99	25.44	25.9	26.35	26.81	27.26	27.71	29.08	29.53	29.92	30.44	30.9	31.33	31.8	32.26	32.66	33.17	33.62	33.99	34.53	34.98	35.35	35.89	36.35	37.26	37.71	38.16	38.62	39.07	39.98	40.44	40.89	41.34	41.8	42.25	42.71	43.16	43.62	44.04	44.53	44.98	45.43	45.85	46.34	46.8	47.25	47.71	48.11	48.61	49.07	49.52	49.98	50.43	50.8	51.34	51.79	52.25	52.67	53.16	53.6	54.07	54.52	54.98																							
6.36	6.83	7.27	7.72	8.18	8.63	9.13	9.54	10	10.43	10.87	11.43	11.81	12.27	12.72	13.09	13.62	14.08	14.47	14.99	15.42	15.9	16.36	16.81	17.26	17.72	18.17	18.63	19.08	19.49	19.99	20.45	21.35	21.73	22.18	22.65	23.12	23.63	24.08	24.53	24.99	25.44	25.9	26.35	26.81	27.13	27.71	28.16	28.62	29.08	29.53	29.88	30.44	30.9	31.35	31.8	32.26	32.71	33.17	33.62	34.03	34.53	34.98	35.44	35.89	36.35	36.8	37.26	37.71	38.16	38.52	39.07	39.53	39.82	40.27	40.89	41.26	41.6	42.12	42.71	43.16	43.62	44.01	44.53	44.98	45.42	45.89	46.34	46.78	47.19	47.61	48.13	48.61	49.07	49.52	50.43	51.34	51.79	52.25	53.16	53.61	54.07	54.52	54.98	55.43	55.88			
7.27	7.62	8.18	8.55	9.09	9.5	10	10.42	10.9	12.27	14.08	14.41	14.99	15.45	16.81	17.25	17.72	18.03	18.63	19.54	19.99	20.45	20.9	21.35	21.81	22.16	22.51	23.17	23.63	24.08	24.53	24.99	25.44	25.9	26.35	26.81	27.26	27.71	28.17	28.62	29.08	29.53	29.99	30.44	30.9	31.35	31.8	32.26	32.71	33.17	33.62	34.04	34.53	34.98	35.44	35.89	36.35	36.8	37.26	37.71	38.16	38.52	39.07	39.53	39.98	40.44	40.89	41.34	41.73	42.25	42.71	43.16	43.62	44.01	44.53	44.98	45.43	45.89	46.34	46.76	47.22	47.68	48.16	48.64	49.1	49.52	50.43	50.89	51.34	51.79	52.25	52.7	53.16	54.07	54.52	54.98	55.43	55.88											
8.63	10.45	10.9	12.27	12.72	21.81	23.17	23.59	24.08	24.53	24.99	25.44	25.9	26.35	26.81	27.26	27.71	28.08	28.61	29.08	29.53	29.95	30.44	30.9	31.35	31.8	32.26	32.71	33.17	33.62	34.05	34.53	34.98	35.39	35.89	36.35	37.31	37.9	38.51																																																																						
6.36	6.82	7.24	7.74	8.18	8.63	9.09	11.36	11.81	12.72	13.16	13.63	14.08	14.54	14.99	15.45	16.36	16.81	17.26	17.67	18.17	18.63	19.08	19.54	19.99	20.45	20.9	21.35	21.79	22.29	22.72	23.63	24.08	24.53	24.99	25.44	25.9	26.35	26.81	27.19	27.71	28.16	28.62	29.08	29.53	29.99	30.44	30.9	31.35	31.8	32.26	32.71	33.17	33.62	34.08	34.53	34.98	35.44	35.89	36.35	36.8	37.26	37.63	38.12	38.66	39.37	39.82	40.32																																									
5.91	8.18	9.54	10.45	12.27	16.36	16.81	17.2	17.72	18.04	18.51	19.08	19.49	20.07	20.51	20.94	21.41	21.81	22.25	22.72	23.15	23.63	24.53	24.99	25.44	25.9	26.35	26.81	27.26	27.71	28.14	28.62	29.08	29.53	29.94	30.44	30.9	31.35	31.8	32.26	32.71	33.17	33.62	34.03	34.53	34.98	35.44	35.89	36.35	36.8	37.26	37.69	38.16	38.53	39.07	39.53	39.95	40.39	40.94	41.49	41.93	42.25	42.71	43.16	43.62	44.05	44.53	44.98	45.38	45.89	46.34	46.8	47.25	47.67	48.16	48.61	49.07	49.52	49.98	50.43	50.89	51.34	51.79	52.25	52.7	53.16	53.61	54.52																					
5.45	5.93	6.32	6.82	7.24	7.74	8.17	8.68	9.09	9.48	9.93	10.45	10.89	11.36	11.81	12.27	12.72	13.18	13.63	14.08	14.54	14.93	15.45	15.9	16.36	16.81	17.26	17.72	18.13	18.56	19.08	19.54	19.99	20.45	20.9	21.35	21.81	22.26	22.72	23.17	23.63	24.08	24.53	24.99	25.44	25.9	26.3	26.81	27.26	27.73	28.1	28.62	29.53	29.99	30.44	30.9	31.35	31.8	32.26	32.71	33.17	33.62	34.01	34.53	34.98	35.4	35.89	36.35	36.8	37.26	37.71	38.16	38.56	39.03	39.57	40.08	40.89	41.31	41.82																														
7.72	8.18	8.62	9.03	9.54	10	10.43	10.9	11.34	11.84	12.31	12.71	13.18	13.59	14.05	14.54	14.99	15.45	15.9	16.36	16.79	17.26	17.72	18.17	18.63	19.08	19.54	19.99	20.36	20.9	21.35	21.81	22.2	22.72	23.17	23.63	24.08	24.53	24.99	25.44	25.9	26.3	26.81	29.53	29.99	30.44	30.9	31.35	31.8	32.26	32.71	33.17	33.62	34.08	34.53	34.98	35.37	35.84	36.35	36.8	37.24	37.7	38.17	38.69	39.2	39.7																																											
6.82	7.21	7.69	8.18	8.61	9.09	9.54	10	10.38	10.85	11.35	11.81	12.25	12.72	13.14	13.63	14.08	14.54	14.99	15.45	16.36	16.81	17.26	17.72	18.17	18.63	19.08	19.54	19.99	20.45	20.9	21.35	21.81	22.22	22.72	23.17	23.63	24.08	24.53	24.99	25.44	25.9	26.27	26.81	29.08	29.53	29.99	30.44	30.9	31.35	31.8	32.26	32.71	33.17	33.62	33.96	34.53	34.98	35.36	35.89	36.35	36.8	37.26	37.71	38.16	38.65	39.2	39.66	40.17	40.73																																							
5.91	9.09	9.54	10	10.45	10.83	11.29	11.81	12.24	12.73	13.17	13.63	14.08	14.49	14.99	15.45	15.9	16.34	16.77	17.26	17.72	18.17	18.61	19.05	19.5	19.99	20.35	20.9	21.3	21.81	22.13	22.56	23.17	23.63	24.08	24.53	24.99	25.44	25.9	26.35	26.81	27.26	27.68	28.11	28.62	29.53	29.99	30.44	30.9	31.35	31.8	32.26	32.71	33.17	33.62	34.08	34.53	34.98	35.38	35.85	36.41	36.84	37.26	37.59	38.11	38.58	39.08	39.64																																									
6.36	6.84	7.27	7.66	8.18	8.53	8.96	9.54	9.96	10.43	10.9	11.36	14.08	14.54	14.99	15.38	15.9	16.36	16.81	17.22	17.72	18.17	18.63	19.08	19.43	19.99	20.45	20.9	21.35	22.17	22.58	23.17	23.63	24.08	24.53	24.99	25.44	25.9	26.35	26.81	27.26	27.66	28.07	28.62	29.08	29.53	29.99	30.44	30.9	31.35	31.8	32.26	32.71	33.17	33.62	34.08	34.53	34.98	35.4	35.89	36.35	36.76	37.26	37.71	38.16	38.53	38.94	39.53	40.07	40.58	41.25	41.87	42.51	43.28	43.79	44.35	44.98	45.46	45.97	46.51	47.12	47.77	48.61	49.07	49.52	49.98	50.43																						
5.88	6.36	6.79	7.27	7.72	8.14	8.62	9.09	9.49	9.95	10.45	10.9	11.36	12.27	12.72	13.18	13.54	14.02	14.52	14.99	15.45	15.9	16.36	16.81	17.26	17.72	18.17	18.63	19.08	19.54	19.99	20.45	20.9	21.35	21.79	22.22	22.63	23.17	23.63	24.08	24.53	24.99	25.44	25.9	26.33	26.81	27.23	27.71	28.14	28.62	29.08	29.53	29.99	30.44	30.9	31.35	31.8	32.26	32.71	33.17	33.62	34.08	34.53	34.98	35.44	35.89	36.35	36.8	37.24	37.71	38.16	38.56	38.98	39.63	40.15	40.63	41.28																																
9.09	9.47	10	10.41	10.9	11.36	11.81	12.27	12.72	13.18	13.63	14.08	14.54	14.99	15.45	15.9	16.36	16.81	17.26	17.72	18.17	18.63	19.08	19.54	19.99	20.45	20.9	21.35	21.81	22.26	22.72	23.17	23.63	24.08	24.53	24.99	25.44	25.9	26.35	26.81	27.26	27.71	28.1	28.62	29.08	29.53	29.99	30.44	30.9	31.35	31.8	32.26	32.71	33.17	33.62	34.08	34.53	34.98	35.44	35.89	36.35	36.8	37.26	37.71	38.16	38.62	39.07	39.53	39.96	40.44	40.89	41.7	42.16	42.7	43.19	43.68	44.18	44.53	44.97	45.63	46	46.56																											
5.91	6.31	6.82	7.23	7.67	8.18	8.57	8.98	9.4	10	10.32	10.79	11.36	11.81	12.27	12.63	13.18	13.63	14.08	14.54	14.99	15.45	15.9	16.36	16.81	17.26	17.72	18.17	18.63	19.08	19.5	19.99	20.45	20.9	21.35	21.81	22.2	22.72	23.12	23.63	24.53	24.99	25.44	25.85	26.27	26.81	27.26	27.68	28.15	28.52	29.08	29.53	29.99	30.44	30.9	31.35	31.8	32.26	32.71	33.17	33.62	34.08	34.53	34.98	35.44	35.89	36.35	36.75	37.26	37.71	38.16	38.62	39.07	39.53	39.98	40.44	40.89	41.34	41.76	42.25	43.16	43.62	44.04	44.53	45.01	45.43	45.89	46.34	46.8	50.43	52.25																		
6.36	6.77	7.27	7.72	8.14	8.6	9.09	9.54	10	10.45	10.83	11.32	11.81	12.27	12.72	13.18	13.56	14.08	14.54	14.99	15.45	15.9	16.36	16.8	17.26	17.73	18.17	18.63	19.08	19.54	19.99	20.45	20.9	21.35	21.81	22.17	22.6	23.12	23.63	24.08	24.53	24.99	25.44	25.9	26.31	26.81	27.23	27.71	28.02	28.54	29.08	29.53	29.99	30.44	30.9	31.35	31.8	32.22	32.71	33.17	33.62	34.08	34.53	34.98	35.44	35.89	36.35	36.74	37.26	37.71	38.16	38.62	39.07	39.95	40.44	40.89	41.34	41.72	42.25	42.71	43.16	43.62	44.04	44.53	44.98	45.4	45.89	46.34	46.8	52.25																			
7.27	7.74	8.13	8.63	9.03	9.54	9.92	10.45	10.85	11.36	11.81	12.27	12.72	13.13	13.59	14.08	14.54	14.99	15.45	15.9	16.36	16.81	17.26	17.72	18.17	18.63	19.08	19.54	19.99	20.45	20.9	21.35	21.81	22.27	22.72	23.17	23.63	24.08	24.53	24.99	25.44	25.9	26.3	26.81	27.26	27.71	28.17	29.08	29.53	29.99	30.44	30.9	31.35	31.8	32.26	32.71	33.17	33.62	34.08	34.53	34.98	35.44	35.89	36.35	36.77	37.26	37.71	38.16	38.62	39.07	39.53	39.98	40.44	40.89	41.34	41.78	42.25	42.71	43.16	43.6	44.07	44.53	44.98	45.4	45.89	46.34	46.8	47.14	47.63	48.16	48.55	49.02	49.52	49.98	50.35	50.86	51.34												
8.17	8.56	9.09	9.54	10	10.45	10.9	11.36	11.81	12.72	13.18	13.63	14.08	14.54	14.92	15.34	15.82	16.34	16.8	17.22	17.72	18.17	18.63	19.08	19.54	19.99	20.45	20.9	21.35	21.81	22.26	22.62	23.17	23.63	23.99	24.53	24.99	25.44	25.9	26.35	26.81	29.08	29.53	29.99	30.44	30.9	31.35	31.8	32.26	32.71	33.17	33.55	34.08	34.53	34.98	35.44	35.89	36.35	36.8	37.26	37.71	38.1	38.62	39.07																																													
6.82	8.11	8.62	9.09	9.54	10	10.45	10.9	11.32	12.27	13.18	13.63	14.08	14.54	14.99	15.45	15.9	16.36	16.81	17.26	17.72	18.17	18.63	19.08	19.54	19.99	20.45	20.83	21.35	21.81	22.18	22.58	23.17	23.63	23.98	24.53	24.99	25.44	25.9	26.35	26.81	27.19	27.6	28.05	28.59	29.08	29.53	29.99	30.44	30.9	31.35	31.8	32.26	32.71	33.17	33.62	34.08	34.53	34.98	35.44	35.89	36.35	36.66	37.15	37.63	38.13	38.64	39.17																																									
7.27	7.59	8.05	8.53	9.09	9.54	10.45	10.9	11.26	11.79	12.27	12.68	13.18	13.63	14.08	14.54	14.99	15.45	15.9	16.36	16.82	17.26	17.72	18.13	18.64	19.08	19.54	19.99	20.45	20.9	21.35	21.81	22.19	22.53	22.98	23.63	24.08	24.53	25.44	25.9	26.35	27.24	27.58	28.07	28.58	29.08	29.53	29.99	30.44	30.76	31.35	31.8	32.26	32.71	33.17	33.62	34.08	34.53	34.98	35.44	35.89	36.35	36.8	37.26	37.71	38.09	38.62	39.07	40.89	41.34	42.71	43.16	43.54	44.07	44.53	47.25	49.98	50.43	50.89	51.34	51.79	54.07	54.52	54.98	55.43	56.79	57.25																						
7.69	8.12	8.63	9.09	9.54	10.45	10.78	11.31	11.85	12.27	12.6	13.18	13.51	14.08	14.54	14.92	15.45	15.9	16.36	16.81	17.26	17.72	18.17	18.63	19.08	19.54	19.99	20.45	20.9	21.35	21.81	22.19	22.72	23.17	23.63	23.98	24.46	24.99	25.44	25.9	26.35	26.81	29.08	29.53	29.99	30.44	30.9	32.26	32.71	33.17	33.62	34.08	34.53	34.98	35.44	35.89	36.35	36.8	37.26	37.71	38.16	38.62	38.99	39.53	43.16	47.71																																											
7.25	7.72	8.18	8.63	9.09	9.51	10	10.45	10.9	11.28	11.81	12.22	12.72	13.18	13.52	13.99	14.54	14.99	15.45	15.9	16.36	16.81	17.26	17.72	18.13	18.63	19.08	19.54	19.99	20.45	20.9	21.35	21.81	22.22	22.67	23.63	24.08	24.53	24.99	25.44	25.9	26.35	27.26	28.62	29.08	29.53	29.99	30.44	30.9	31.35	31.8	32.26	33.17	33.62	34.08	34.53	34.98	35.44	35.89	36.35	36.8	37.26	37.63	38.14	38.62	39.03	39.52																																										
